fbt
x   = [7, 15, 31, 63, 127, 255, 511, 1023, 2047]
y   = [10.0, 22.0, 73.0, 181.5142857142857, 466.7142857142857, 867.9142857142857, 1475.6857142857143, 3381.542857142857, 6532.571428571428]
err = [3.313004678535785, 7.288610292778727, 24.18493415331123, 60.13576777925097, 154.62266121109155, 287.5404089139472, 488.8953675476993, 1120.306730638355, 2164.2439705726338]

y   = [10.0, 34.0, 98.0, 252.05714285714285, 628.1714285714286, 1450.4571428571428, 2928.6, 6709.742857142857, 13768.942857142858]
err = [3.313004678535785, 11.264215907021669, 32.46744584965069, 83.5066493544077, 208.11348817796502, 480.5371300301361, 970.2465501559899, 2222.940947748635, 4561.657210420616]

y   = [10.0, 34.0, 98.0, 258.0, 642.0, 1532.0, 3469.885714285714, 8022.314285714286, 17660.428571428572]
err = [3.313004678535785, 11.264215907021669, 32.46744584965069, 85.47552070622325, 212.69490036199738, 507.5523167516822, 1149.5747605413055, 2657.796476125589, 5850.908248208991]

rt
x   = [100, 200, 300, 400, 500, 600, 700, 800, 900, 1000]
y   = [310.2, 518.0, 1349.142857142857, 1202.8285714285714, 1703.0285714285715, 1841.5714285714287, 2871.5142857142855, 2126.8, 2899.2571428571428, 3194.6]
err = [102.76940512818004, 171.61364234815366, 446.97165977274216, 398.49766846193717, 564.2141624822972, 610.1134758714971, 951.334026305377, 704.6098350309908, 960.5252478564007, 1058.3724746050418]

y   = [412.0, 788.8285714285714, 1910.857142857143, 1949.2, 2873.5714285714284, 3075.7428571428572, 4464.257142857143, 4159.542857142857, 5034.228571428572, 5510.114285714286]
err = [136.49579275567433, 261.3392747705557, 633.0678654299237, 645.7708719401952, 952.0155586963901, 1018.9950475687308, 1479.010480047251, 1378.0584946284393, 1667.8422809961378, 1825.5034407838293]

y   = [422.0, 822.0, 1954.0, 2059.0, 3242.3142857142857, 3224.0, 4692.657142857143, 4575.028571428571, 5385.371428571429, 5828.542857142857]
err = [139.80879743421013, 272.3289845756415, 647.3611141858923, 682.147663310518, 1074.180239785484, 1068.112708359937, 1554.6795069050083, 1515.7091061577744, 1784.1760738510086, 1930.9989754760616]

ubt
x   = [8, 16, 32, 64, 128, 256, 512, 1024, 2048]
y   = [17.0, 39.0, 87.0, 246.28571428571428, 567.6571428571428, 886.2, 1873.5714285714287, 3802.9142857142856, 8486.142857142857]
err = [5.632107953510834, 12.92071824628956, 28.82314070326133, 81.5945723685099, 188.06507700899706, 293.59847461184125, 620.7150908428117, 1259.9072820642, 2811.463098843732]

y   = [17.0, 49.0, 129.0, 313.0, 754.0857142857143, 1608.4285714285713, 3451.2571428571428, 7111.0, 15747.028571428571]
err = [5.632107953510834, 16.233722924825344, 42.737760353111625, 103.69704643817008, 249.82894994455708, 532.8731382233485, 1143.403106111576, 2355.8776269067966, 5216.997933017953]

y   = [17.0, 49.0, 129.0, 321.0, 769.0, 1771.1714285714286, 4019.2285714285713, 8865.314285714287, 19700.457142857143]
err = [5.632107953510834, 16.233722924825344, 42.737760353111625, 106.34745018099869, 254.77005977940186, 586.7899229346053, 1331.5723061247554, 2937.082770526156, 6526.770668357944]

