fbt
x   = [7, 15, 31, 63, 127, 255, 511, 1023, 2047]
y   = [6.0, 8.0, 21.228571428571428, 40.285714285714285, 86.02857142857142, 147.88571428571427, 206.17142857142858, 444.77142857142854, 851.0]
err = [1.9878028071214708, 2.650403742828628, 7.033035646148823, 13.346675990672733, 28.50130596306071, 48.994606331717776, 68.30469074375493, 147.35298237361874, 281.9366981433953]

y   = [6.0, 14.0, 32.0, 68.05714285714286, 150.0, 296.74285714285713, 536.8857142857142, 1134.4857142857143, 2150.885714285714]
err = [1.9878028071214708, 4.638206549950098, 10.601614971314511, 22.547363269349262, 49.69507017803677, 98.31104740363618, 177.87048832675978, 375.85564791605833, 712.5894434424355]

y   = [6.0, 14.0, 32.0, 72.0, 160.0, 348.0, 721.8, 1579.3428571428572, 3185.5714285714284]
err = [1.9878028071214708, 4.638206549950098, 10.601614971314511, 23.853633685457652, 53.00807485657256, 115.29256281304532, 239.13267769671293, 523.237027472636, 1055.3813046667067]

rt
x   = [100, 200, 300, 400, 500, 600, 700, 800, 900, 1000]
y   = [70.48571428571428, 133.25714285714287, 204.42857142857142, 249.77142857142857, 267.9142857142857, 371.0, 441.54285714285714, 400.42857142857144, 491.45714285714286, 550.7428571428571]
err = [23.3519501198508, 44.148153773402576, 67.7272813569244, 82.74939114217095, 88.76012820180016, 122.91247357367762, 146.28335514883435, 132.66217305622578, 162.81998135855437, 182.4613662384451]

y   = [116.4, 227.0857142857143, 435.42857142857144, 493.14285714285717, 602.2571428571429, 751.4571428571429, 963.4285714285714, 926.5142857142857, 1126.2571428571428, 1262.5428571428572]
err = [38.56337445815654, 75.2336033857212, 144.25768943110106, 163.378459290079, 199.52807319673087, 248.9581030004848, 319.1843364577905, 306.95461633016697, 373.129518352006, 418.28103925662236]

y   = [125.0, 250.0, 463.0, 545.0, 751.6285714285714, 840.0, 1086.0, 1146.057142857143, 1314.4571428571428, 1437.5714285714287]
err = [41.41255848169731, 82.82511696339462, 153.39211661620683, 180.5587549802003, 249.01489736640252, 278.2923929970059, 359.79230808898626, 379.6892676155069, 435.48026640204944, 476.26808685865154]

ubt
x   = [8, 16, 32, 64, 128, 256, 512, 1024, 2048]
y   = [7.0, 12.0, 18.914285714285715, 40.74285714285714, 89.74285714285715, 126.6, 247.97142857142856, 485.54285714285714, 1065.9714285714285]
err = [2.319103274975049, 3.9756056142429417, 6.266311706259113, 13.498127633120083, 29.73185055794543, 41.94263923026303, 82.1530503000345, 160.8605757343918, 353.1568330042617]

y   = [7.0, 16.0, 36.0, 74.0, 166.6, 309.37142857142857, 579.8285714285714, 1104.942857142857, 2311.057142857143]
err = [2.319103274975049, 5.300807485657256, 11.926816842728826, 24.516234621164806, 55.194657944406174, 102.49489902624421, 192.09747698915777, 366.06808552289823, 765.6543126649259]

y   = [7.0, 16.0, 36.0, 80.0, 176.0, 370.34285714285716, 793.5142857142857, 1641.4571428571428, 3499.285714285714]
err = [2.319103274975049, 5.300807485657256, 11.926816842728826, 26.50403742828628, 58.308882342229815, 122.69476183765954, 262.891654105641, 543.8155193901696, 1159.3149942962007]

