fbt
x   = [7, 15, 31, 63, 127, 255, 511, 1023, 2047]
y   = [0.023101440000000018, 0.0777792482742857, 0.20189338477714291, 0.5449761704228594, 1.318610393965722, 3.174817698377171, 6.983182488137137, 16.234094732434006, 34.859214906514836]
err = [0.0076535178800913786, 0.02576830134257049, 0.06688737283320999, 0.18055086023014483, 0.43685624043743515, 1.051818588822178, 2.3135316254267497, 5.3783631800347, 11.548874207536803]

y   = [0.012705791999999995, 0.029323152822857152, 0.05855802514285715, 0.13830832128000023, 0.2911911760457152, 0.6406367583085752, 1.3658668646399985, 2.9339926118399586, 6.028183809462825]
err = [0.004209434834050253, 0.009714774249154555, 0.019400301126410186, 0.04582161154810712, 0.09647177285877918, 0.21224325775183087, 0.4525123312809319, 0.9720331249815211, 1.997140116382401]

rt
x   = [100, 200, 300, 400, 500, 600, 700, 800, 900, 1000]
y   = [0.875887797394291, 1.7075528382171619, 3.9259841214171614, 4.321170554879974, 6.625889016685595, 6.711846174719918, 9.57740159561126, 9.01185854317703, 10.902341784136931, 11.725168874056976]
err = [0.29018203706396895, 0.5657130541860516, 1.3006803762112258, 1.431605826506843, 2.1951601311738247, 2.2236377778459597, 3.17299762944762, 2.985632951584819, 3.611950933784183, 3.8845539336372923]

y   = [0.23275030820571493, 0.4776173216914307, 0.8557037392457184, 1.0463128956342835, 1.4182757814857048, 1.5633957273599939, 2.0361213191314076, 2.0743278006856958, 2.416253039177104, 2.699757211062816]
err = [0.07711028600161794, 0.1582348421313441, 0.2834950491561631, 0.34664395184487057, 0.4698754299516137, 0.5179537359146517, 0.6745679456348808, 0.6872257708488555, 0.8005057623320055, 0.8944308271161833]

ubt
x   = [8, 16, 32, 64, 128, 256, 512, 1024, 2048]
y   = [0.0386520093257143, 0.11147434861714287, 0.23855206985142857, 0.6423058373485753, 1.5688055895771562, 3.6388200213943263, 7.879095933805625, 17.22650619318825, 37.38580619849221]
err = [0.012805428773090025, 0.03693150385053234, 0.07903241234921782, 0.21279622441866747, 0.5197460257982208, 1.2055427755229087, 2.6103481691330317, 5.707149561285834, 12.385935084643684]

y   = [0.014659513782857151, 0.03275949202285714, 0.0661369475657143, 0.14723042742857181, 0.3291435417600017, 0.7132000314514346, 1.462185018514276, 3.0162403386513783, 6.386944222354273]
err = [0.004856703774766556, 0.010853235033818144, 0.021911201670928738, 0.04877750948936818, 0.10904540937607242, 0.2362835040930472, 0.48442258072227296, 0.9992818353540377, 2.115997609020681]

