fbt
x   = [7, 15, 31, 63, 127, 255, 511, 1023, 2047]
y   = [0.04541083062857143, 0.15256851017142858, 0.40148322596571606, 1.064659564251438, 2.5333897157486, 6.20698730495997, 13.70072481791977, 31.37825032484585, 67.19267017289127]
err = [0.015044629432865327, 0.050546018799517735, 0.1330115805978057, 0.3527222117412884, 0.8393131980829553, 2.05637779809446, 4.539056542109954, 10.395629013048131, 22.260963064610067]

y   = [0.025211921554285716, 0.058047318308571405, 0.11413348937142878, 0.2704444328228582, 0.5698555962514318, 1.2293249784685727, 2.637861027839975, 5.699039442651405, 11.494558749257074]
err = [0.008352721406422577, 0.0192311037132753, 0.037812478426515785, 0.08959836712260859, 0.18879342564707927, 0.40727594051072846, 0.873924592656105, 1.8880944336664078, 3.8081526913993127]

rt
x   = [100, 200, 300, 400, 500, 600, 700, 800, 900, 1000]
y   = [1.707156813531448, 3.2911169477485602, 7.665869642605528, 8.386040533576926, 12.868254526902367, 13.126924650788434, 18.455753616822573, 17.613422311131416, 21.300656350354966, 22.637351871634852]
err = [0.565581851022393, 1.0903485845499392, 2.539706199099756, 2.778299152213109, 4.263258745221683, 4.34895627828488, 6.114399807843691, 5.835335052180496, 7.056917414460898, 7.4997652660387075]

y   = [0.4562748913371451, 0.9303024142628566, 1.6580448021942686, 2.0535587810742633, 2.762048593919954, 3.051988166948544, 3.9623144360227864, 4.032057683382816, 4.71571592338286, 5.262402425417157]
err = [0.15116408496983685, 0.308209625090598, 0.5493110186891552, 0.6803449849347277, 0.9150679913999995, 1.011125107593638, 1.312716626437337, 1.3358225969173427, 1.5623188916813116, 1.7434363855745103]

ubt
x   = [8, 16, 32, 64, 128, 256, 512, 1024, 2048]
y   = [0.07616874788571429, 0.21868483145142875, 0.4864173202285743, 1.2443953678628712, 3.057244569600041, 6.985426628022758, 15.250633429576643, 33.07191589741733, 72.146193144685]
err = [0.02523474181035841, 0.0724503869723393, 0.16115028576381057, 0.4122687675677951, 1.012866556251306, 2.314275110020785, 5.052541990282166, 10.95674120962856, 23.902067542688776]

y   = [0.02902860946285714, 0.06407184383999999, 0.12831859858285743, 0.2878191908571444, 0.6438338325942907, 1.3866655861028507, 2.8285848663770903, 5.8064091604113885, 12.164885808274247]
err = [0.009617191896183385, 0.021227031840433418, 0.0425120117448162, 0.09535463258821035, 0.21330244995845105, 0.45940295743233106, 0.9371114895942818, 1.923666071393597, 4.030232359666615]

